8242 22 113 475 17 627 175 44 33996 22 145 41 475 104 1557 3 
87 37 6341 14 112 1 11685 114 3 
2540 5 32 37 2350 19912 3 
87 16 113 3830 1476 3 
328 2037 21 113 2109 5 52 32 3389 578 12464 494 1190 933 3 
19 14697 1 106 18133 410 104 567 69 38 3 
65 770 46 13026 28 14440 8596 17 3004 123 93 85 3 
65 1429 35 2 1180 2938 14 2 820 7 14440 22 323 69 38 3 
194 5 99 2742 21 1995 8 65 58 32 5 85 212 8596 22 23 85 562 3 
194 84 1557 43 40 3387 13742 3 87 16 873 4379 3 3 3 
65 1429 35 2 1180 2938 14 51 22 10 323 820 7 14440 69 38 3 
608 7 212 2644 1846 1119 627 3176 7 10 11892 460 30 22 10 2874 7 13714 8 24780 1323 1323 
2205 5310 3 
65 25 65 770 324 10766 32 8 32 1775 200 32 16 23 99 3 
65 2796 69 1039 175 65 159 192 6 1019 212 6914 3 
886 144 2126 6812 5 65 150 5800 35137 40 389 3 3 
1780 4 4022 5 65 1600 512 45 192 245 23 3271 6 627 45 65 949 192 12 99 835 3 12 
65 1019 192 40 2507 28 79 8 192 11 10 419 7 1065 6 48 3 3 
65 81 951 192 6 169 80 16 20 212 1418 3 
65 150 7 192 45 65 1982 64 9 2 835 8 45 65 74 6 2518 31 442 3 
65 169 192 998 1314 337 385 3 
19 2700 253 37 933 774 3 
65 1 1464 4325 17 5299 3 
65 159 6 48 84 1065 5 107 27 2814 5 4612 3176 5 958 8630 5 7659 5 1 8 2834 983 3 
65 3302 30 65 102 48 49 3 
65 11 10 419 7 2079 69 111 1323 
65 159 99 9496 52 65 48 219 159 6 353 238 41 3 
65 533 6 1 1060 5 13119 6 1148 1 10 141 265 3 
65 1191 375 2401 14 32 16 196 46 10 141 257 65 32008 78 3 
65 4890 1 35 381 2090 8 32 21 375 2881 6 627 1323 
194 5 65 21 23 790 75 983 8 65 55 219 1019 80 54 951 6 130 627 3 
932 21 10 13603 3 
87 42 46 20 212 1 17 10 144 53 5 52 65 36 219 11 15079 14 65 36 641 32 20 210 1 3 
65 1811 10 210 1 897 8 2769 10 16377 2023 81 6 77 69 138 3 
65 3181 157 5 52 2 1 1668 13026 627 35 53 6 53 733 3 
19 19619 19293 59 4 1303 31 2 88 562 7735 1012 3 
875 65 1019 488 43 77 375 24202 75 2 7693 12 12251 1 34365 2546 12 5 30 22 10 138 2 231 4643 1811 3 
1483 65 21 4486 31 10 20946 1265 28 212 831 17 937 3 
194 5 112 1668 4931 863 8 1557 319 2 53 3 
266 375 3181 2 53 3 
328 22 10 2418 35 1 1 5 29 22 10 1 4718 3 
1780 465 1307 1002 6 543 470 3 
136 304 123 5 41 8 41 43 44590 1117 361 6 2 3212 7 2 3338 3 
194 5 88 7 157 106 23 169 3968 6 37202 954 3 
1 1 
1 126 14 26103 33 2505 31004 66 14 5 833 175 7 2 1749 7 32 3 
839 2692 2616 5 1 16354 18 31297 1 
786 1 999 1589 4792 18 31004 47 149 41 104 24362 378 3 
900 1 10844 5 675 20257 1 5 1 671 11 2007 2 792 3 
2147 18 857 5 1 4241 1112 64 8 887 6 19830 31 18 240 3 
1 18 2952 14798 5 1 279 15960 3 
8440 1455 5 1 1 1 
12 875 66 85 84 123 5 65 59 48 803 52 2118 18 20611 3 
95 671 11 1872 18 341 27 114 27 34379 18 240 12 3 
1571 59 1181 69 9 2 590 2456 185 192 200 5 175 32 16 35 3947 3 
13073 21 1977 89 5 30 22 2 89 501 93 3046 29 578 11178 35 498 93 2709 20 15968 16 89 118 157 470 9 263 3 
1406 829 578 132 4752 20 1 89 5 85 65 4691 201 6 2 2709 121 3264 66 212 79 3 
446 112 578 96 5 183 3046 29 212 1214 1066 36105 6 47 1969 701 7 135 4709 9 2 2417 3 274 47 4761 5 34 2 108 3 
65 21 8435 34 157 175 65 245 219 327 1015 6 4 51 14 278 8 54 245 219 184 52 81 3472 51 51 3305 629 3 
1406 1214 1066 157 1 36105 52 54 1066 212 1214 85 84 3570 1072 107 27 10 3754 5138 28 1 5 10 345 13080 5 8 33707 3 
1938 6 26 749 5 148 16 961 6 2827 157 14 33927 102 263 6 2709 183 832 80 54 578 3 
19 4761 11 4057 7 1846 4879 8 11 578 85 84 33704 20 15968 16 89 5 85 65 3302 124 84 11178 148 1786 3 
65 200 33704 8 1691 5 52 494 65 11 157 5 65 24 3045 159 157 2 151 89 5 8 65 36 295 6199 6 11 157 740 89 3 3 3 
4097 1 65 396 397 28 212 1 3 
27183 5 65 102 219 11 888 32 6 192 3 
4097 1 87 594 219 806 3 
65 1429 14 69 2857 37 10 402 7 18287 3 
163 1 7782 5 32 594 3 
87 16 3210 460 5 22 219 32 371 
1406 336 5607 1 1 3739 34 345 3 
65 1724 56 30196 3 
4097 1 65 11 149 613 3 
5079 16 74 51 151 141 3 
163 1 2026 2329 5 52 26 460 2227 113 3210 3 
21651 45650 5647 5 
1406 341 22 3402 8 65 4277 6 2 1 3825 69 38 3 
875 5 65 11 1106 2 340 35 2 3825 3 
194 5 212 1 452 22 9870 30 22 2456 2 2735 4126 3 
65 159 6 430 5 185 65 1 382 2 4126 137 1192 10383 5 36 2 340 115 508 371 8319 65 11 238 63 3819 185 23 371 371 
65 7157 69 774 3 
2334 192 159 6 2629 69 1 371 
65 11 50 8014 4523 3851 347 1 3 
11780 5 32 24507 45 65 15 12 1 5 12 52 530 65 770 7157 14 1 1668 167 24507 45 65 30026 3 
95 461 1704 627 394 41 2423 8 11063 104 65 457 21 137 3 
163 307 917 598 212 96 24 11 10 1409 151 858 3 
13941 8 22986 2435 24 4 612 51 3 
1 
7767 11 6 118 10 857 20 38610 3 
546 65 888 2 60 804 185 148 42 1852 2406 67 3679 534 8 38424 157 103 10 2472 3 
531 1273 1769 67 15515 8 65 270 10 232 5694 2179 9 32 3 
65 1273 13093 157 103 1557 8 148 1 208 212 5694 3 
87 21 99 207 175 32 21 23 2114 4445 2109 3 19 1180 21 3210 5 32 21 4238 2114 4445 2109 3 
608 7 67 5694 21 200 69 3 
65 200 217 602 1180 3 
87 21 2109 69 835 5 85 65 77 12009 64 5 52 68 32 22 2114 85 65 11 6 58 168 132 5112 3 
65 7742 2 1449 8 951 6 129 32 20 2 9533 3 
65 11 46 6545 6 2 1449 84 832 10 89 3 
158 22 10 1 9 135 3812 6 407 391 5354 17 7896 3 
446 112 311 2 1 1683 5 2 1 3118 886 43541 3 
5830 5 65 707 2 505 200 50 34982 33689 167 733 2 19148 17699 594 219 1476 2 505 954 3 
65 4659 6 1070 43 29 48 219 15 32 6 1070 43 167 733 54 15 32 6 132 43 3 
65 1191 6072 6 157 17 26 990 1936 3 
1355 859 10357 200 148 245 219 200 627 2478 107 50 2183 3 
87 16 13603 6 1181 107 50 2183 3 12 
12 31128 5 148 22 160 3 12 65 150 65 36 219 394 512 185 65 245 219 3146 157 9333 3 
194 5 69 6341 200 2548 583 6 627 3 
1571 15 12 2089 192 12 8 2 814 29 22 177 36 4 1073 8 54 15 12 2089 192 12 6 1117 3 
65 2110 84 43 9 2 97 36 394 2 231 1323 
65 169 14 32 36 4 2067 6 56 76 2 43 9 2 97 394 2 231 27 627 5 52 636 1314 985 5 803 36 577 5 85 65 159 6 186 3 
194 5 69 6341 200 10 2548 583 6 627 3 
65 2254 200 6 186 6 56 560 1 5 8 110 5 54 671 394 200 12 2089 192 12 22 1028 72 5189 3 
1571 15 12 2089 192 12 8 2 814 29 22 177 14 36 4 1073 8 54 15 36 12 2089 192 12 9 263 6 1117 3 
65 921 10 5741 262 692 81 68 3 
65 1563 14 65 42 84 2009 299 627 30 176 627 3751 3 
274 40 6034 661 20 124 468 54 40 3 
158 21 10 99 1 7 10 17384 29 22 70 9271 4067 4997 10 17384 29 22 41 104 1976 4067 4708 3 
19 1762 37 803 6 48 28 2 138 3 
4179 25 14 5 71 17384 25 45 33 2365 10 226 17384 5 33 1112 200 50 14887 1859 3 
328 4237 22 10 990 7 10 323 100 1557 439 101 4768 7 1543 303 9 26 8106 6699 200 10 17547 5 23 164 52 1441 3 
4866 33 21 35 10 4367 5 14040 215 5 33 10846 18 35129 193 9 69 1 13 200 4237 5 8 4724 6 56 132 1846 3 
194 5 71 89 1 5 71 7 18 1846 5 1099 9 20 18 1063 8 126 10 10251 418 3 
1938 6 1 5 62 442 45 1 14056 5 1 2853 103 18 1063 8 887 6 730 2 1187 241 49865 8 1 3 
87 16558 1 5 175 33 594 219 11 238 1870 7 14 3 
1 7811 201 185 33 671 11 644 7 2645 9 18 2216 34 238 318 3 
1 2725 14 1 671 18105 103 32 5 675 10347 103 132 990 7 31004 3 
28922 2 605 5 1 1360 14 32 21 18 14558 8 1 6 2 133 3 
446 33 21 10 804 2785 265 5 33 21 1126 9 50 4237 9 5795 3 
19 4237 21 10 990 7 10 323 100 1557 439 101 4768 7 1543 2604 9 26 8106 6699 200 10 17547 5 23 164 52 1441 3 
4866 33 21 35 10 4367 5 14040 215 5 33 3181 18 35129 193 9 69 1 13 200 4237 5 8 887 6 56 132 1846 3 
194 5 71 89 1 5 71 7 18 1846 5 396 103 18 1063 8 177 201 470 10251 3 
1938 6 1 5 62 442 45 1 21 7659 5 1 2853 103 18 1063 8 887 6 730 2 1187 241 49865 8 1 3 
87 2401 1 5 175 33 245 219 11 238 1870 7 32 3 
1 7811 201 185 33 671 11 238 644 2645 9 18 2216 34 318 3 
1 5 675 10 10690 4271 1870 7 201 1 5 8134 3 
1 2725 14 1 671 11 1 8 32 10347 103 132 380 7 31004 3 
1 2844 18 5605 5 1788 1933 4707 3 
2929 110 20 5 10 232 1589 30 489 14 1 1 2486 21335 3 
28922 2 605 5 1 1360 14 32 21 201 29 245 2 14558 8 1 1095 6 133 3 
1 16 1846 5 370 1 5 9980 6 631 201 175 18 31004 616 22 114 623 6 157 3 
1628 1 22 1008 9880 175 7 18 1865 229 5 33 22 6850 6366 175 33 1360 33 954 722 2 814 76 2 231 3 
19 5018 207 7 2 1 22 35 1302 6 1315 7 151 38 3 
328 5018 22 1724 1067 5 3050 2348 93 994 5 8 113 7294 1 3 
328 5018 2148 5 27 2 1708 71 9 135 239 9 304 183 123 5 1430 1623 2 2304 8 601 7 2 1 3 
136 376 6 849 1057 13713 11 643 1244 6 77 230 6 2 1 5 69 2148 24 4 8063 299 2 711 1598 6 356 1 17 3403 3 
65 48 219 159 6 4 4849 3 
19 229 22 14 2 11399 22 281 2247 8 65 11 6 74 701 6 5285 31 2 63 71 3 
65 732 2 7560 3 
12982 34909 628 5694 12982 
65 3006 9 51 6 353 983 3 
65 1191 6790 9 51 6 79 68 3 
65 21 6790 299 2 3292 45 65 28057 103 201 3 
65 11 10 18441 482 65 14328 225 145 4708 3 
4866 65 1191 1 5 65 156 132 391 3 
19 116 7 1472 2092 9 2 97 22 41 104 71 618 740 38 3 
14611 5 212 2137 21 9 50 1514 45 65 21 50 20281 221 804 3 
65 159 6 673 107 6916 27 145 27 400 273 79 2395 6 805 5481 3 
65 1867 32 27 10 4006 5 52 27 10 272 65 1 1117 3 
65 159 6 1 32 5 52 32 16 1784 6 382 201 3 
87 1775 12658 14 65 36 77 2 318 6 382 201 282 3 
65 1867 32 27 10 4006 5 52 27 10 272 65 1 10 814 3 
65 159 6 1 17 32 5 52 32 16 1784 6 382 201 3 
87 106 4 1775 1080 201 185 65 56 318 6 382 201 3 
691 442 5 212 171 612 2 131 7 2 5879 38 181 3 
65 578 50 8014 4070 979 8 10 18019 4070 979 27 2 1520 7 10 1736 6301 8 65 21 2121 3 
2066 5 12731 10 3991 820 7 12007 59 664 906 409 8 1718 2 541 7 3519 3 
73 34367 1323 
65 1 8 16383 64 278 5 85 65 1897 4 415 6 2 553 30732 68 3 
65 245 23 2437 14 65 21 113 4729 1072 85 65 150 69 21 488 65 1 8 982 278 3 
65 480 14 65 36 394 41 5235 8 40718 5 66 10 99 144 2216 3 
16625 108 5 65 1897 4 415 6 2 553 945 774 3 
18681 1 31 221 47 85 2401 31 69 14129 14 54 1 31 494 3 
65 533 20 10 292 1296 6 10 1426 101 65 384 6 79 151 141 3 
65 533 51 9 376 6 3239 2 79 35 2 638 914 3 
65 24 74 78 51 151 111 3 
27625 5 65 3181 2396 7316 8 3666 209 6647 14 4588 1 5 32134 4657 8 99 5680 3 
1 5275 8 1 5275 
65 24 91 1 5275 5292 5 175 2 325 7 2 840 35 1 5275 22 1527 104 35 1 5275 3 
1 5275 22 99 8 3158 5 85 17470 365 76 1 159 6 91 32 5 167 733 2 496 22 165 3 
65 533 6 18959 331 832 8 1668 65 368 1 5275 3 
19 233 4917 7 1 5275 22 3830 175 2 510 22 15310 104 2 1587 4917 3 
10312 5 1 5275 21 1688 70 17 1587 3376 8 110 2 233 4917 21 448 205 3 
65 1523 10 310 983 988 5732 34 212 239 3 
87 933 31 900 8227 31 10 387 31049 5 8 6372 17 50 412 3 
19 988 22 311 6 1015 29 1363 9 212 239 3 
3773 459 2090 8 294 1557 1543 370 627 16575 3 
33385 17 2154 5 32 21 2 49 53 112 42 1454 3 
65 1191 4071 65 21 219 312 6 707 337 341 1349 3 
4932 1 1999 5 32 16 5492 1784 3 
65 1523 2 310 983 988 5732 34 212 239 3 
166 8 6372 50 412 31 135 387 31049 3 
4509 29 1363 9 212 239 59 487 32 3 
87 21 2 49 53 14 112 42 1454 696 63 6059 2154 3 
4932 1 14611 5 32 16 212 1388 341 3 
4932 1 1999 5 32 16 113 1784 733 3 
19 13345 22 75 94 153 29 77 6 169 696 63 9 10 2114 2700 3 3440 22 28124 13 71 153 5 94 501 5 183 501 5 76 2 3192 16 7376 8 76 2 3192 16 501 3 
608 22 1 29 11 34379 240 1625 319 2 638 247 8 2 63 22 1 3 608 7 2 501 22 1 29 37 10 34379 240 361 6 50 463 9 10 638 247 5 8 2 63 1401 22 25102 3 65 11 5 192 11 5 54 11 5 1 8 25102 11 5 1 1 5 148 1 814 28124 4155 1 
446 33 21 10 804 2785 265 5 33 21 5034 31 10 4237 9 5795 3 1 137 10 46401 13 10 1 137 10 30918 13 50 4237 
19 13345 22 75 94 501 29 77 6 169 696 63 9 10 2114 2700 3 
608 7 157 22 1824 1 5 29 37 34379 240 33 578 319 2 638 247 8 2 63 22 1824 1 3 
839 611 10 8341 5 54 386 75 26 1 3 
1 987 75 18 1052 5627 319 2 247 34 2313 18 3169 100 2514 3 
328 4237 397 22 10 990 7 10 323 100 1557 439 101 4768 7 1543 303 9 26 8106 6699 200 10 17547 5 23 164 52 1441 3 
328 106 4 1 7 32 8 65 2254 200 6 758 2 810 205 3 
608 7 2 501 22 1 29 37 10 34379 240 1625 319 2 638 247 5 8 2 63 22 1 3 
446 33 21 10 804 2785 265 5 33 21 1126 9 50 4237 9 5795 3 
19 4237 21 10 990 7 10 323 100 1557 439 101 4768 7 1543 2604 9 26 8106 6699 200 10 17547 5 23 164 52 1441 3 
328 22 75 1 7 32 8 65 2254 200 6 758 2 810 205 3 
65 48 15954 740 89 3 
65 3726 10 479 3825 7 15954 2 89 137 4708 3 
65 3913 14 15954 22 99 17 1865 320 3 
1483 22 2 62 3134 17 2 26810 5879 38 3 
65 394 208 
65 1127 983 3745 988 740 884 3 
13092 65 170 713 470 5 2 2383 2162 258 8 65 81 1 3 
13092 65 1478 6545 6 63 43 5 65 1299 6545 5 8 65 59 167 3146 132 7 26 5281 9 212 1418 3 
65 1127 50 983 3745 988 740 884 3 
446 65 170 2481 5 2383 40 11051 258 8 65 81 1 3 
446 65 1478 6545 6 63 43 5 65 1299 6545 8 167 59 3146 132 7 26 5281 9 212 1418 3 
1406 385 831 47791 148 42 232 9531 6868 3 
19 1075 2715 71 7 157 72 94 824 265 3 
531 885 6 11 10 349 1689 175 2 6868 4262 9 2 36253 5 85 54 47 322 311 5 2715 72 110 1 3 
73 45 148 533 6 58 72 2 20395 62 111 5 51 21 9234 3 
546 148 42 6 748 76 14 2 1985 282 1323 
531 2769 10 18430 14393 62 141 5 52 33 578 3669 8 1643 35 1 3 
65 1600 17 67 113 145 3 
1406 385 831 42 1985 9 67 9531 5066 3 
19 1075 42 2715 72 71 7 157 81 94 824 265 3 
531 42 6 3100 10 349 1689 175 2 6868 42 4262 9 2 36253 5 85 54 42 6 322 2 36253 311 5 58 32 72 8 110 1 32 3 
73 45 148 533 6 58 72 2 20395 62 111 5 51 21 50 9234 3 
546 148 115 37 6 748 2 3619 1985 1323 
531 2769 10 18430 14393 62 141 5 52 33 578 3669 8 11137 35 1 3 
13073 5 148 177 627 14 148 951 6 432 4704 3 
65 59 394 67 1985 113 145 257 65 533 273 4057 7 3619 1065 84 123 265 3 
65 35479 67 713 14 69 22 193 1323 
65 150 84 1557 48 219 159 6 56 26 1 5410 5 85 112 2551 6 58 10 8341 31 442 3 
1 9 10 2114 8341 22 15862 8 192 59 1581 337 363 137 415 6 2216 3 
1404 85 5 65 394 14 32 1845 225 145 53 17 212 711 215 6 58 10 8341 740 442 3 
136 212 215 16 197 5 112 2143 2 44221 28 10 419 7 2114 391 5 52 65 9588 32 45 65 48 2 19035 9 376 6 10847 2829 3 
194 5 23 76 1557 48 3 
2334 192 3171 6 58 10 7639 5 167 9 2037 371 
1 9 10 2114 8341 22 15862 8 192 59 1581 337 363 137 192 74 6 2216 3 
3445 2334 1571 1 93 1 371 
65 150 84 1557 48 219 159 6 56 2 1 5410 5 85 112 2551 6 58 10 8341 31 442 3 
1404 85 5 65 394 14 32 1845 212 711 215 225 144 6 28602 740 442 3 
19 7314 22429 22 113 1216 3 
2540 2 7314 22429 22 1216 9 1596 5 833 175 7 2 1557 505 359 1 1 3 
65 530 533 6 71 7 26 4182 3 
19 2138 22 1933 3210 8 2 505 21 873 99 3 
87 21 50 76 13 17296 3825 1 1 4279 5 4220 5 8 1 
446 65 21 9 2 4307 12178 5 3454 5 65 533 6 1 25526 5 30 22 39 99 5 52 32 21 235 35 2 422 4307 8 32 395 86 786 937 6 77 6 2 1 25526 2138 3 
875 9 7314 5 32 70 1845 898 31175 3 
723 25526 8616 5 65 461 3302 488 2 1000 436 7 2 1362 22 1879 165 3 
136 2 1104 9 503 7 627 5 65 34028 69 3745 1 
163 1 73 54 4751 75 606 1589 31 7314 22429 3 
65 1191 68 20 212 108 78 96 3 
274 40 4928 1 1150 34 4687 3 
65 1372 15698 7000 17 14 3 
65 583 54 47 990 7 1857 1979 6 63 1 3 
502 575 27 65 2769 157 5 65 161 157 20 8 1 5 8 65 1600 200 2 1476 21 81 2 231 27 1117 3 158 40 149 606 9815 28 32 5 1431 3 
65 583 488 65 578 157 3 65 102 219 11 23779 157 3 
194 5 66 65 368 157 17 10 683 7 824 5 54 982 375 3158 6 627 3 
65 47791 14 51 40 70 10 232 4186 241 2 1 8 63 1 1072 71 7 30 22 149 3547 28 2 418 14 65 59 1227 212 702 636 11075 257 32 16 1910 6 2 702 3 
446 192 2097 31 2 1 1085 5 32 46833 2 1 14 3885 629 6 56 10 162 5 8 112 59 2440 6 505 5 30 22 470 14 63 1 59 23 48 3 
1596 45981 983 7770 
266 102 4 1616 7 135 37202 3 
95 21 13802 2736 3 
932 3606 12034 1 348 3 
65 1490 23 6 758 212 28732 1788 20 212 240 3 
95 21 18782 28 2000 3 
274 12712 26 1363 8 3087 3 
95 21 2616 2736 3 
30061 337 9245 22 14251 3 
932 3606 12034 581 348 3 
95 2007 10 1 592 3 
65 1490 23 6 125 212 12416 20 212 240 3 
65 2081 4178 273 570 3 
19 1895 17 16885 24085 12162 9 3887 40 1 8 1 3 
87 22 10 7921 541 85 32 7903 20 337 1071 1407 3 
24085 4783 40 4277 31 2 233 280 3 
2628 4783 40 4277 31 2 10802 280 3 
31830 102 250 299 12988 8598 7 26 7166 3 
1151 65 59 48 6 5218 10 2109 22 77 45880 8 2216 3 
446 65 14328 12007 13 310 10720 6143 5 212 19438 982 2191 5 8 65 1 10 419 3 
65 24 4 20 8277 202 9 71 141 5 85 65 102 150 75 124 6 554 212 507 3 
65 2279 219 48 1259 1455 5 4934 65 11 6 295 28833 2930 157 6 48 1065 3 
158 40 132 43 29 77 627 2070 5 52 65 169 14 65 102 23 954 4 2070 31 157 3 
65 2279 219 48 1259 1455 5 4934 65 11 6 295 2930 157 6 48 470 28 1558 3 
1151 65 59 48 22 81 77 20 28 2 336 3 
5185 12241 10 99 239 371 
65 770 46 6199 6 58 10 1296 1832 530 257 32 37 46 10 1933 144 53 257 65 770 46 20 71 3 
65 39 159 6 1380 8 664 212 983 2941 34 2645 6 459 43 3 
65 583 75 30 82 65 102 74 6 3 
1406 764 1507 13119 5 52 65 245 219 603 28 67 175 84 43 670 1557 51 3 
65 770 46 6199 6 427 1069 17 10 144 53 257 65 1429 75 32 35 50 2978 13 1 29 42 478 10 1296 51 3 
342 692 8 3176 14 33 1119 627 47 2775 3 
65 48 219 200 2109 1180 5 85 65 1066 64 20 14 613 3 
65 55 74 92 157 8 186 2 209 23337 3 
73 65 1320 208 2 613 175 212 764 1507 3788 51 28 2 711 215 151 38 3 
65 921 20 479 10 819 1024 273 10 1993 2832 3 
65 1354 14 65 1897 3045 2629 14 819 51 44712 3 
546 5 65 1191 415 6 170 1345 10 1296 6 12241 5 8 110 77 2 819 3 
194 5 65 150 51 22 10 545 1187 241 10 1937 8 10 1 3 
163 1937 2837 70 10 20976 4019 75 2 134 33 93 148 5683 3 
95 93 148 594 219 186 6 24252 2616 103 10 60 239 93 134 5 175 33 93 148 10646 17 21776 30 40 1811 34 861 1471 3 
19143 5 10 6488 17368 8 25766 470 60 17 2 1036 7 2 592 1577 3 
163 6488 3940 14 3124 22 23 70 10 108 6 169 2 97 5 52 39 6 169 7353 3 
3364 40 212 856 9416 17 1 1 1 
1571 3520 219 92 522 193 93 1471 51 3 
3245 193 22 80 192 159 6 92 5 22 219 32 371 
12073 6 394 2 239 93 134 192 427 3 
446 192 58 10 3065 5 192 40 7217 20 2 296 5 52 23 20 628 337 174 27006 3 
1361 174 27006 40 2 1065 30 24 4 28 629 6579 8 54 40 41 3489 8 389 104 238 3065 3 
1571 2279 219 427 1259 9 10 535 53 8 1381 3520 219 777 337 1296 3 
158 40 10 419 7 43 29 1016 6 682 8 2 1 12 65 21 397 12 677 22 569 27 10 856 193 2321 3 
194 5 65 150 51 22 10 545 1187 241 146 10 1937 8 146 10 6488 3 
95 594 219 186 6 24252 1095 2616 103 10 60 239 93 134 5 175 33 10646 842 21776 30 40 3765 34 1340 13 1471 3 
19143 5 10 6488 17368 8 25766 470 60 17 1095 3 
3364 40 212 856 9416 20 99 3124 1 
1571 3520 219 92 522 193 51 3 
446 192 58 10 3065 5 192 40 7217 20 69 454 5 52 23 20 1101 337 27006 3 
1361 27006 40 2 1065 5 30 24 4 28 629 6579 8 40 41 9972 8 389 104 238 3065 3 
1571 2279 219 427 1259 9 10 535 53 8 3520 219 777 337 1719 3 
1999 6220 42 12012 3932 103 2 1063 104 29255 44044 5 12 14668 6 12355 16 4052 1098 5 25678 1323 12 24193 3067 331 2894 8 18940 7 924 20 2 144 7072 5 12012 3913 80 42 1706 3 
65 150 14 5 81 200 32 21 1267 7 123 265 28 63 9111 5 1366 1045 22 113 8145 34 31445 3 136 69 197 5 433 31445 40 6744 3 
17143 5 32 22 3535 104 457 6 92 80 135 1 6744 40 1314 1072 76 192 156 6 48 22 6818 20 6 1 93 1 6 92 80 54 954 48 9 26 1761 1363 3 
1406 1217 22 6285 5 85 65 1897 833 563 205 3 
3711 1375 3 87 16 46 7485 257 65 770 21009 103 1 
13073 65 533 6 50 983 221 9 376 6 430 145 10 321 983 532 1765 3 
65 5605 32 16 175 65 55 7578 1338 1840 75 11191 4258 3 
194 2 983 2090 47 1221 3 
65 4671 14 16 23 2 385 108 6 664 212 33996 3 
65 156 198 35 3491 983 9369 3 
1785 5 65 6669 1 
1406 244 22 6 758 470 740 442 8 465 7556 3 
1999 19817 246 2478 3 
87 22 219 1305 32 6 1982 64 137 337 3756 2249 168 3 
531 6834 14 84 7 67 1083 39 200 1 85 148 21 1345 10 1450 2306 28 27019 1 5 29 42 2544 35 1 299 2 231 53 3 
65 368 6 2440 6 287 3667 86 1317 123 265 3 
608 89 5 246 65 21 6545 6 67 3667 273 8375 65 270 10 3156 7 10 1450 2306 3 
933 8975 627 3 
95 42 1916 627 168 2146 5 8 65 1478 41 104 790 14 185 65 42 46 312 6 6598 65 36 11 24458 3 3 3 
252 110 5 27 185 32 34 5501 5 2 4709 3389 10832 311 3 
6531 66 5 27 185 2 14954 14 47 2433 627 42 46 322 5 212 363 1759 6 2 540 3 
1483 21 212 3938 983 3134 8 212 13697 396 6 212 439 3 
531 13595 2580 983 3406 8 368 1736 983 17 627 5 52 1668 65 55 219 167 1019 14 3 
839 2 1 3134 5 65 1191 461 9913 3 
983 36788 3016 10 8505 
1406 13697 396 6 212 439 774 17 135 3938 983 3134 3 
531 13595 2580 983 3406 8 368 1736 1219 28 627 5 52 1668 65 55 219 1019 67 3 
65 1478 461 9913 66 135 1 4675 3 
1 20586 1 6154 1 27180 1 8690 1 9603 9456 1 3 
33292 1 839 1 
40671 8 19353 368 6 5063 696 63 52 54 245 219 4246 3 
19353 395 10 109 764 8 279 629 3 
65 48 219 150 33 12514 75 629 5 33 167 245 219 554 10 7400 20 629 3 
1151 33 951 21 6 77 4662 35 212 5253 31 238 358 5 167 185 14 358 21 1372 34 629 5 18 348 3 
1151 65 1563 75 19353 8 40671 22 8040 5 11316 5 5168 7859 8 146 2986 3 
3016 53 5 26497 5 212 2137 8 65 3967 6 1 6 427 212 41006 51 3 
446 112 1695 5 112 270 212 5964 42 1872 2 503 1683 3041 3 
95 1810 6 311 2 1683 17 629 85 112 42 6 633 2 442 31 135 2028 16 3 
1628 65 42 76 433 512 5627 5 65 1668 394 65 732 201 3 
724 2 63 345 5 167 733 26497 21 99 5 112 40 23 1846 3 
65 39 16383 64 113 278 69 835 175 212 1214 395 10 89 168 361 6 67 3395 221 16 2 4144 1081 8 65 245 219 156 6 305 67 6 2 221 1566 399 69 835 3 
19 178 357 774 42 46 1800 6 58 81 71 412 5 52 9 2 131 32 395 41 104 1 3 3 3 3 
19 719 1066 201 84 9667 3 
723 2 131 7 2 357 5 2 719 177 629 6 633 9 2 357 1063 8 347 2 63 23834 3 
19 23834 1041 10 711 7786 176 34 10 113 1857 8 861 1 3 
622 65 47 201 5 65 36 770 18075 175 32 21 81 66 212 719 578 2070 3 
46371 5 3649 5 37 21329 2692 5 22 312 6 3276 1655 721 3 
136 212 1630 5 2 4309 751 30 112 303 22 2 411 769 14 671 56 629 748 16284 3 
19 3441 299 629 59 56 629 394 208 5 27 114 27 2 3485 112 303 273 675 50 389 625 3 
724 2 63 345 5 65 48 219 150 1690 34 1577 22 10 769 17 4330 2088 3 
194 5 65 603 14 2 108 112 150 8 1 20 135 193 8 5627 59 4 10 850 2828 9 628 629 394 8207 93 9 10 512 2887 3 
886 908 5 10 419 7 581 43 48 219 748 16284 27 54 40 4098 28 26 174 193 5 246 1117 29 40 145 560 168 7457 5 11 2261 8342 26 193 2 108 32 22 3 
19 1664 14 59 11151 433 1352 5 22 198 5 30 22 10 113 1561 119 7 2470 43 6 189 26 108 7 2692 3 
1571 156 6 122 287 29 56 192 394 2780 8 468 360 6 3200 337 174 984 3 
4179 287 29 118 192 1033 736 6 74 20 9 337 193 1719 22 2410 3 
502 17 4325 5 65 1191 3511 273 10 1561 2739 7 212 193 3 
65 11 6 56 10 227 596 6 283 212 420 108 93 6 170 10 60 568 28 10 419 7 353 5 358 8 477 3 
328 22 3492 35 212 856 193 14 65 48 219 394 2900 28 3 
546 235 5 65 1 56 212 1418 64 27 65 1191 2 990 7 814 29 1459 6 4 3783 8 5957 6 170 470 60 3 
1151 287 299 627 48 22 6 1107 627 5 8 130 627 32 16 225 278 6 56 1270 9 212 193 3 
274 199 627 6 1 20 2 277 3367 65 849 74 3 
65 169 65 1191 2 70 71 29 59 595 32 52 32 16 23 1010 28 76 69 1107 8 1 3 
65 81 156 6 394 7161 8 5235 85 65 59 56 64 212 1418 30 22 2067 9 2 1959 101 65 303 160 68 3 
1404 611 2 49 3528 8 628 10 2108 6 170 5482 8 7422 64 20 212 1642 22 6949 375 426 6 48 3 
546 80 22 9 212 1418 68 22 2930 4325 10 419 7 80 43032 3 
87 1002 14 1820 37 50 2280 746 6 664 44 2130 636 9365 4675 93 13023 53 1101 6 1 1 
136 1828 5 11668 5 8375 5453 8 2 2051 7 1216 2371 12753 5 38845 371 13463 5 5593 5 6512 5 7135 8 85 20 125 13941 8 118 3158 9416 3 
932 22 488 65 1478 1033 14 3549 8 2 593 59 2446 6 2 1865 552 7 291 43 5 185 54 91 157 6 664 1146 3 
65 11 42 37177 257 62 858 3 
65 3389 578 10 1 31 4880 3 
65 533 34 5231 6 92 10 1075 28 212 1331 3 
73 212 1331 11 23779 3669 68 3 
73 212 1331 37 23779 3669 68 3 
13073 1375 65 1454 212 100 21772 35 165 221 3 
266 1 75 10 419 7 1065 14 1706 3 
65 22692 132 7 157 5 85 65 7742 32 113 145 6 707 287 3269 282 3 
839 2 357 5 246 1455 9 212 346 415 96 5 65 583 78 75 30 221 6105 65 42 219 965 114 9 175 65 245 219 200 157 3 
622 65 4931 157 68 5 28 4859 8 26094 5 65 2254 48 113 114 9 157 3 
342 749 494 25 33 21 85 4042 14 33 55 91 985 27 10 5260 3 
723 69 216 5 32 102 4 5606 14 33 21 10 1 19063 319 18 1848 193 3 
158 47 41 93 354 1 7121 30 368 14 2617 3 
24453 479 20 2 593 21 354 861 3 
136 1458 5 1484 718 21 368 354 104 9469 8 15477 3 
9469 718 21 2 88 1048 28 1 7121 842 32 3 
136 2078 5 2 3338 5 28 1 7121 842 32 5 21 182 2 88 861 108 6 841 718 5 246 2 91 7 19899 8 9469 16106 2039 28 70 1 8 1 4576 3 
136 11445 5 3338 5 636 1 5 21 2 88 368 601 28 365 1 7121 180 1 17 2 19899 3 
3338 42 23761 1 7121 5 11980 124 43 841 479 5 246 1484 747 365 76 7 433 1946 3 
65 2769 10 113 1736 1186 7 144 13 4513 890 8269 8284 28 10 544 297 27 212 49 1186 7 8269 8284 17 626 66 21500 35 1161 3 
546 65 81 2473 64 10 113 1736 1186 7 890 8269 8284 3 
95 1643 424 1125 4947 45 33 47791 14 33 55 219 122 238 3 
73 2 229 21 5 200 5 65 42 10 5803 20 69 3479 1824 591 3 
252 112 47 1 74 13 13 8 32 21 1 4 200 212 70 53 65 21 1 4 312 6 200 8867 28 10 1179 3 
252 110 5 200 5 65 161 212 240 9 10 1417 10948 8 3 3 3 
3 3 3 21 200 5 12 22430 5 591 3 
65 770 1454 10 1202 35 1277 29 37 2604 9 2 210 17 41 104 676 123 3 
65 245 219 2001 148 21 825 27 67 983 10357 2224 8 3830 3 
531 177 627 14 148 533 6 221 28 173 1846 8 4528 64 28 157 85 148 37 149 2261 18751 246 148 22 9 2 210 3 
194 5 148 177 627 14 45 148 6385 1720 93 37 6 6026 470 5 67 1207 20063 168 35 983 8 20 6 825 4797 3 
1 1742 8871 7 1010 1720 40 980 3 
1406 1207 37 196 933 24265 32 9 1557 3 
87 16 2067 6 48 32 9 983 3 
65 770 1454 10 1202 29 22 35 1277 29 37 2604 9 2 210 17 41 104 676 123 3 
65 245 219 2437 148 21 825 5 27 67 983 10357 2224 8 3830 3 
194 5 148 177 627 14 70 45 148 6385 1720 93 37 6 6026 470 5 67 1207 20063 168 983 8 20063 20 825 4797 3 
19783 9142 200 1 5 40 980 3 
1406 1207 196 933 24265 9 1557 3 
1483 21 10 6516 89 3 
328 835 5 65 533 6 79 31 147 277 869 3 
65 42 10 3541 8 12469 17 75 50 412 3 
65 42 983 988 35 651 7937 6 1222 7937 3 
65 42 965 15954 225 3 65 39 1989 6 48 132 15954 9 2 1375 3 
1 8 1381 21 5149 3 1151 2 1 8 1381 5149 3 
65 21 790 69 442 65 59 2216 27 114 3 65 1478 790 65 24 4 312 6 2216 114 6487 3 
2334 54 11 2 231 3809 371 
87 21 10 7349 89 175 65 1297 299 927 937 25296 4325 273 2814 2695 5 2834 983 8 1 212 89 3 
608 7 212 339 13 1181 2695 160 68 22 12 1 1 12 30 22 10 259 574 582 28 114 2179 8 3333 3269 3 
136 2 1825 5 65 921 10 1415 347 12 15675 12 30 21 113 6177 3 
87 21 75 10 113 13471 2645 939 3 
1406 4275 396 96 113 278 175 7 10 2507 89 31 79 3 
531 42 23 10766 3541 5 23 6 2904 4221 3 
1355 719 951 6 58 64 76 7 67 310 53 3 
65 1478 526 687 27 50 553 1357 2034 3 
328 9371 687 1845 134 2460 9 2 171 8 2460 9 2 9371 221 3 
136 2 171 5 65 79 851 937 10 89 9 10 21957 13 412 626 111 3 
723 2 9371 221 65 58 851 6141 6412 1 453 696 20 2 14400 154 7 2 292 3 
136 376 6 731 2 687 2910 5 65 11 6 58 7850 31 2 131 3 
19 8217 7 5103 8 11003 15227 367 2 687 8 2 15844 3 
723 2 9371 221 65 465 7066 9 107 6105 27 663 3120 5 13454 5 8 7218 13 13 367 825 8 983 13 13 27 114 27 1102 8 1592 5722 3 
136 2 171 71 17764 10 2795 7 8787 1 3187 28 8523 8 6344 1585 5 15991 8 10951 3277 5 1 1589 5 8 611 2 453 31 3868 3 
1406 1 1129 22 825 175 65 200 2834 60 1065 75 11649 8 8771 3 
723 2 171 65 996 1299 4099 17 1589 8 13254 9 157 5 175 54 40 76 381 5 8 2 2795 4146 10 1042 189 35 2 41 3351 8081 3 
8018 5 65 2769 10 1 17 5482 1622 993 3 
1406 420 336 22 23 2395 28 1428 91 7 993 5 52 44712 65 36 200 6 11 107 10 336 3 
80 22 2 1187 241 6456 8 1464 371 
65 1563 45 65 49 10051 6 39124 23163 27 185 32 47 4708 3 
65 21 31 10 181 45 65 1429 10 11276 6008 3766 3 
2160 110 5 212 2277 37 461 46 6 1127 71 7 44 8616 3 
39124 23163 42 4037 84 8616 9 212 239 5 52 17 71 769 93 424 5 32 42 324 46 400 17 627 6 1127 71 7 26 1623 3 
65 42 46 2096 17 41 104 898 123 5 8 68 212 2277 21 415 6 83 1530 3 
194 5 66 675 7491 32 17 85 144 5 65 933 675 6001 75 596 93 23 2 2306 36 375 303 64 6 212 5132 3 
19 1375 7 2 329 5 65 161 20 212 100 890 8269 7141 8 533 6 2 551 1697 101 2 2306 21 6 58 134 3 
446 2 2306 887 5 1259 8 3288 299 627 5149 3 
158 21 803 52 2 127 8 627 3 
194 5 2 385 21 458 6 83 1072 2 3766 6008 14 65 42 1429 14 113 49 89 21 880 8 41 2952 104 9 238 7 26 1 1 
622 65 42 6 1149 10 544 1102 6 694 69 644 5 32 36 4 12 36371 3 12 
136 10 35528 5 14 89 65 7696 14 149 806 124 99 505 6341 9 2 4895 7 337 174 96 5 51 22 803 200 5221 10 2306 3 
33778 29 129 303 461 74 2 737 1443 6 6520 26 1362 3 
194 5 65 933 675 6001 75 596 93 23 66 675 8672 17 85 144 5 2 2306 36 375 303 64 6 212 5132 3 
136 10 35528 5 14 89 65 4890 14 149 806 124 99 505 6341 9 2 4895 7 337 174 96 5 51 22 803 200 5221 10 2306 3 
136 1091 5 65 533 6 13664 20 10 292 1296 3 
87 16 11875 6 15 5 52 31 2 53 65 42 113 1980 2130 7 13664 3 
65 55 219 167 1680 2 341 7 2 474 5 37174 3 
4050 2 70 418 65 2289 21 14 10 1557 3738 5 1 1 5 42 2808 27 2943 27090 9 1 3 
95 12712 18 568 5 52 395 296 6 775 740 919 20834 193 3 
328 692 22 1216 9 1596 8 51 22 167 10 1415 75 32 3 
546 65 42 951 6 430 132 1 185 54 2289 470 75 1 93 1596 257 65 1932 9 13664 3 
65 55 219 213 2 6941 65 578 175 54 47 41 104 65 42 567 3 
2267 532 5 148 2289 1 8 42 1429 2 711 692 3 
36076 7 2 605 9 13664 101 84 1329 6959 4613 10218 11 6 79 27 37145 9 1 3476 93 9 1183 460 2519 3476 5 32 55 4 478 17 4016 17 14 10 14586 626 31 71 7 2 1557 13 128 991 42 10 7008 2130 7 574 3 
73 80 185 6166 9 26 30309 29 47 23 1930 9 221 6105 2289 1 8 55 130 627 18 574 36638 3 
5968 299 294 18835 3 
65 42 6 633 64 8 79 76 442 6 28357 76 212 8787 34 26 2861 3 
2366 294 19357 121 3552 65 1989 6 11 76 212 8787 965 5 8 2 70 418 279 21 6 3670 72 1087 5039 7 1222 381 3277 8 305 157 34 5231 6 2 2609 3 
2366 676 453 137 2 2861 76 5039 47 965 5 52 1087 41 5039 7 50 2262 1510 949 35 12618 3389 885 6 4 1041 6 2 2609 28 2 63 3277 3 
87 1845 2449 453 34 5231 35 212 5981 6 2 2609 3 
546 65 583 14 51 47 115 676 453 279 8 65 55 56 32 3 
19 737 5039 47 965 1222 453 205 5 8 65 7367 6 2 2183 101 10 5231 21 4671 6 4 2096 17 627 3 
446 65 179 78 20 32 68 5 32 115 1704 212 685 493 945 3 
65 21 177 14 185 65 347 424 5231 5 65 36 11 6 1004 963 453 17 32 3 
87 36 324 56 32 34 212 2861 3 
932 16 488 65 583 65 42 6 910 10 5231 2152 20 2 917 1050 212 5981 5 52 32 21 2417 701 31 1 277 294 9 2 835 5 8 65 55 219 92 985 2151 3 
886 10 690 65 55 18879 92 10 11469 752 9 2 7831 9 10 5409 187 7 10 3292 3 
65 21 2943 20 10822 3 
158 47 70 1222 453 279 542 212 2861 5 85 65 245 219 11 238 1113 52 6 172 6 910 238 2445 1738 3 
19 11469 752 21 954 10 346 752 5 8 287 29 47 3666 50 217 5294 9 2 346 47 365 5461 3 
65 2441 6 157 14 65 42 6 305 212 3277 6 2609 27 575 27 400 5 8 888 185 54 55 527 627 51 3 
723 49 54 47 49 7323 5 8 65 21 23 790 185 54 1600 212 1178 7 693 5 52 54 2844 212 340 575 66 14 3 
761 176 627 88 2401 21 14 167 433 6166 2289 1 8 177 627 14 365 76 1 77 6 169 201 137 192 170 6 1148 75 201 8 2 692 9 574 988 3 
